"Longitude (x)","Latitude (y)","Station Name","Climate ID","Date/Time","Year","Month","Day","Data Quality","Max Temp (°C)","Max Temp Flag","Min Temp (°C)","Min Temp Flag","Mean Temp (°C)","Mean Temp Flag","Heat Deg Days (°C)","Heat Deg Days Flag","Cool Deg Days (°C)","Cool Deg Days Flag","Total Rain (mm)","Total Rain Flag","Total Snow (cm)","Total Snow Flag","Total Precip (mm)","Total Precip Flag","Snow on Grnd (cm)","Snow on Grnd Flag","Dir of Max Gust (10s deg)","Dir of Max Gust Flag","Spd of Max Gust (km/h)","Spd of Max Gust Flag"
"-116.50","57.12","BISON LO","3070703","2017-01-01","2017","01","01","","","","","","","","","","","","","","","","","","","","","","",""
"-116.50","57.12","BISON LO","3070703","2017-01-02","2017","01","02","","","","","","","","","","","","","","","","","","","","","","",""
"-116.50","57.12","BISON LO","3070703","2017-01-03","2017","01","03","","","","","","","","","","","","","","","","","","","","","","",""
"-116.50","57.12","BISON LO","3070703","2017-01-04","2017","01","04","","","","","","","","","","","","","","","","","","","","","","",""
"-116.50","57.12","BISON LO","3070703","2017-01-05","2017","01","05","","","","","","","","","","","","","","","","","","","","","","",""
"-116.50","57.12","BISON LO","3070703","2017-01-06","2017","01","06","","","","","","","","","","","","","","","","","","","","","","",""
"-116.50","57.12","BISON LO","3070703","2017-01-07","2017","01","07","","","","","","","","","","","","","","","","","","","","","","",""
"-116.50","57.12","BISON LO","3070703","2017-01-08","2017","01","08","","","","","","","","","","","","","","","","","","","","","","",""
"-116.50","57.12","BISON LO","3070703","2017-01-09","2017","01","09","","","","","","","","","","","","","","","","","","","","","","",""
"-116.50","57.12","BISON LO","3070703","2017-01-10","2017","01","10","","","","","","","","","","","","","","","","","","","","","","",""
"-116.50","57.12","BISON LO","3070703","2017-01-11","2017","01","11","","","","","","","","","","","","","","","","","","","","","","",""
"-116.50","57.12","BISON LO","3070703","2017-01-12","2017","01","12","","","","","","","","","","","","","","","","","","","","","","",""
"-116.50","57.12","BISON LO","3070703","2017-01-13","2017","01","13","","","","","","","","","","","","","","","","","","","","","","",""
"-116.50","57.12","BISON LO","3070703","2017-01-14","2017","01","14","","","","","","","","","","","","","","","","","","","","","","",""
"-116.50","57.12","BISON LO","3070703","2017-01-15","2017","01","15","","","","","","","","","","","","","","","","","","","","","","",""
"-116.50","57.12","BISON LO","3070703","2017-01-16","2017","01","16","","","","","","","","","","","","","","","","","","","","","","",""
"-116.50","57.12","BISON LO","3070703","2017-01-17","2017","01","17","","","","","","","","","","","","","","","","","","","","","","",""
"-116.50","57.12","BISON LO","3070703","2017-01-18","2017","01","18","","","","","","","","","","","","","","","","","","","","","","",""
"-116.50","57.12","BISON LO","3070703","2017-01-19","2017","01","19","","","","","","","","","","","","","","","","","","","","","","",""
"-116.50","57.12","BISON LO","3070703","2017-01-20","2017","01","20","","","","","","","","","","","","","","","","","","","","","","",""
"-116.50","57.12","BISON LO","3070703","2017-01-21","2017","01","21","","","","","","","","","","","","","","","","","","","","","","",""
"-116.50","57.12","BISON LO","3070703","2017-01-22","2017","01","22","","","","","","","","","","","","","","","","","","","","","","",""
"-116.50","57.12","BISON LO","3070703","2017-01-23","2017","01","23","","","","","","","","","","","","","","","","","","","","","","",""
"-116.50","57.12","BISON LO","3070703","2017-01-24","2017","01","24","","","","","","","","","","","","","","","","","","","","","","",""
"-116.50","57.12","BISON LO","3070703","2017-01-25","2017","01","25","","","","","","","","","","","","","","","","","","","","","","",""
"-116.50","57.12","BISON LO","3070703","2017-01-26","2017","01","26","","","","","","","","","","","","","","","","","","","","","","",""
"-116.50","57.12","BISON LO","3070703","2017-01-27","2017","01","27","","","","","","","","","","","","","","","","","","","","","","",""
"-116.50","57.12","BISON LO","3070703","2017-01-28","2017","01","28","","","","","","","","","","","","","","","","","","","","","","",""
"-116.50","57.12","BISON LO","3070703","2017-01-29","2017","01","29","","","","","","","","","","","","","","","","","","","","","","",""
"-116.50","57.12","BISON LO","3070703","2017-01-30","2017","01","30","","","","","","","","","","","","","","","","","","","","","","",""
"-116.50","57.12","BISON LO","3070703","2017-01-31","2017","01","31","","","","","","","","","","","","","","","","","","","","","","",""
"-116.50","57.12","BISON LO","3070703","2017-02-01","2017","02","01","","","","","","","","","","","","","","","","","","","","","","",""
"-116.50","57.12","BISON LO","3070703","2017-02-02","2017","02","02","","","","","","","","","","","","","","","","","","","","","","",""
"-116.50","57.12","BISON LO","3070703","2017-02-03","2017","02","03","","","","","","","","","","","","","","","","","","","","","","",""
"-116.50","57.12","BISON LO","3070703","2017-02-04","2017","02","04","","","","","","","","","","","","","","","","","","","","","","",""
"-116.50","57.12","BISON LO","3070703","2017-02-05","2017","02","05","","","","","","","","","","","","","","","","","","","","","","",""
"-116.50","57.12","BISON LO","3070703","2017-02-06","2017","02","06","","","","","","","","","","","","","","","","","","","","","","",""
"-116.50","57.12","BISON LO","3070703","2017-02-07","2017","02","07","","","","","","","","","","","","","","","","","","","","","","",""
"-116.50","57.12","BISON LO","3070703","2017-02-08","2017","02","08","","","","","","","","","","","","","","","","","","","","","","",""
"-116.50","57.12","BISON LO","3070703","2017-02-09","2017","02","09","","","","","","","","","","","","","","","","","","","","","","",""
"-116.50","57.12","BISON LO","3070703","2017-02-10","2017","02","10","","","","","","","","","","","","","","","","","","","","","","",""
"-116.50","57.12","BISON LO","3070703","2017-02-11","2017","02","11","","","","","","","","","","","","","","","","","","","","","","",""
"-116.50","57.12","BISON LO","3070703","2017-02-12","2017","02","12","","","","","","","","","","","","","","","","","","","","","","",""
"-116.50","57.12","BISON LO","3070703","2017-02-13","2017","02","13","","","","","","","","","","","","","","","","","","","","","","",""
"-116.50","57.12","BISON LO","3070703","2017-02-14","2017","02","14","","","","","","","","","","","","","","","","","","","","","","",""
"-116.50","57.12","BISON LO","3070703","2017-02-15","2017","02","15","","","","","","","","","","","","","","","","","","","","","","",""
"-116.50","57.12","BISON LO","3070703","2017-02-16","2017","02","16","","","","","","","","","","","","","","","","","","","","","","",""
"-116.50","57.12","BISON LO","3070703","2017-02-17","2017","02","17","","","","","","","","","","","","","","","","","","","","","","",""
"-116.50","57.12","BISON LO","3070703","2017-02-18","2017","02","18","","","","","","","","","","","","","","","","","","","","","","",""
"-116.50","57.12","BISON LO","3070703","2017-02-19","2017","02","19","","","","","","","","","","","","","","","","","","","","","","",""
"-116.50","57.12","BISON LO","3070703","2017-02-20","2017","02","20","","","","","","","","","","","","","","","","","","","","","","",""
"-116.50","57.12","BISON LO","3070703","2017-02-21","2017","02","21","","","","","","","","","","","","","","","","","","","","","","",""
"-116.50","57.12","BISON LO","3070703","2017-02-22","2017","02","22","","","","","","","","","","","","","","","","","","","","","","",""
"-116.50","57.12","BISON LO","3070703","2017-02-23","2017","02","23","","","","","","","","","","","","","","","","","","","","","","",""
"-116.50","57.12","BISON LO","3070703","2017-02-24","2017","02","24","","","","","","","","","","","","","","","","","","","","","","",""
"-116.50","57.12","BISON LO","3070703","2017-02-25","2017","02","25","","","","","","","","","","","","","","","","","","","","","","",""
"-116.50","57.12","BISON LO","3070703","2017-02-26","2017","02","26","","","","","","","","","","","","","","","","","","","","","","",""
"-116.50","57.12","BISON LO","3070703","2017-02-27","2017","02","27","","","","","","","","","","","","","","","","","","","","","","",""
"-116.50","57.12","BISON LO","3070703","2017-02-28","2017","02","28","","","","","","","","","","","","","","","","","","","","","","",""
"-116.50","57.12","BISON LO","3070703","2017-03-01","2017","03","01","","","","","","","","","","","","","","","","","","","","","","",""
"-116.50","57.12","BISON LO","3070703","2017-03-02","2017","03","02","","","","","","","","","","","","","","","","","","","","","","",""
"-116.50","57.12","BISON LO","3070703","2017-03-03","2017","03","03","","","","","","","","","","","","","","","","","","","","","","",""
"-116.50","57.12","BISON LO","3070703","2017-03-04","2017","03","04","","","","","","","","","","","","","","","","","","","","","","",""
"-116.50","57.12","BISON LO","3070703","2017-03-05","2017","03","05","","","","","","","","","","","","","","","","","","","","","","",""
"-116.50","57.12","BISON LO","3070703","2017-03-06","2017","03","06","","","","","","","","","","","","","","","","","","","","","","",""
"-116.50","57.12","BISON LO","3070703","2017-03-07","2017","03","07","","","","","","","","","","","","","","","","","","","","","","",""
"-116.50","57.12","BISON LO","3070703","2017-03-08","2017","03","08","","","","","","","","","","","","","","","","","","","","","","",""
"-116.50","57.12","BISON LO","3070703","2017-03-09","2017","03","09","","","","","","","","","","","","","","","","","","","","","","",""
"-116.50","57.12","BISON LO","3070703","2017-03-10","2017","03","10","","","","","","","","","","","","","","","","","","","","","","",""
"-116.50","57.12","BISON LO","3070703","2017-03-11","2017","03","11","","","","","","","","","","","","","","","","","","","","","","",""
"-116.50","57.12","BISON LO","3070703","2017-03-12","2017","03","12","","","","","","","","","","","","","","","","","","","","","","",""
"-116.50","57.12","BISON LO","3070703","2017-03-13","2017","03","13","","","","","","","","","","","","","","","","","","","","","","",""
"-116.50","57.12","BISON LO","3070703","2017-03-14","2017","03","14","","","","","","","","","","","","","","","","","","","","","","",""
"-116.50","57.12","BISON LO","3070703","2017-03-15","2017","03","15","","","","","","","","","","","","","","","","","","","","","","",""
"-116.50","57.12","BISON LO","3070703","2017-03-16","2017","03","16","","","","","","","","","","","","","","","","","","","","","","",""
"-116.50","57.12","BISON LO","3070703","2017-03-17","2017","03","17","","","","","","","","","","","","","","","","","","","","","","",""
"-116.50","57.12","BISON LO","3070703","2017-03-18","2017","03","18","","","","","","","","","","","","","","","","","","","","","","",""
"-116.50","57.12","BISON LO","3070703","2017-03-19","2017","03","19","","","","","","","","","","","","","","","","","","","","","","",""
"-116.50","57.12","BISON LO","3070703","2017-03-20","2017","03","20","","","","","","","","","","","","","","","","","","","","","","",""
"-116.50","57.12","BISON LO","3070703","2017-03-21","2017","03","21","","","","","","","","","","","","","","","","","","","","","","",""
"-116.50","57.12","BISON LO","3070703","2017-03-22","2017","03","22","","","","","","","","","","","","","","","","","","","","","","",""
"-116.50","57.12","BISON LO","3070703","2017-03-23","2017","03","23","","","","","","","","","","","","","","","","","","","","","","",""
"-116.50","57.12","BISON LO","3070703","2017-03-24","2017","03","24","","","","","","","","","","","","","","","","","","","","","","",""
"-116.50","57.12","BISON LO","3070703","2017-03-25","2017","03","25","","","","","","","","","","","","","","","","","","","","","","",""
"-116.50","57.12","BISON LO","3070703","2017-03-26","2017","03","26","","","","","","","","","","","","","","","","","","","","","","",""
"-116.50","57.12","BISON LO","3070703","2017-03-27","2017","03","27","","","","","","","","","","","","","","","","","","","","","","",""
"-116.50","57.12","BISON LO","3070703","2017-03-28","2017","03","28","","","","","","","","","","","","","","","","","","","","","","",""
"-116.50","57.12","BISON LO","3070703","2017-03-29","2017","03","29","","","","","","","","","","","","","","","","","","","","","","",""
"-116.50","57.12","BISON LO","3070703","2017-03-30","2017","03","30","","","","","","","","","","","","","","","","","","","","","","",""
"-116.50","57.12","BISON LO","3070703","2017-03-31","2017","03","31","","","","","","","","","","","","","","","","","","","","","","",""
"-116.50","57.12","BISON LO","3070703","2017-04-01","2017","04","01","","","","","","","","","","","","","","","","","","","","","","",""
"-116.50","57.12","BISON LO","3070703","2017-04-02","2017","04","02","","","","","","","","","","","","","","","","","","","","","","",""
"-116.50","57.12","BISON LO","3070703","2017-04-03","2017","04","03","","","","","","","","","","","","","","","","","","","","","","",""
"-116.50","57.12","BISON LO","3070703","2017-04-04","2017","04","04","","","","","","","","","","","","","","","","","","","","","","",""
"-116.50","57.12","BISON LO","3070703","2017-04-05","2017","04","05","","","","","","","","","","","","","","","","","","","","","","",""
"-116.50","57.12","BISON LO","3070703","2017-04-06","2017","04","06","","","","","","","","","","","","","","","","","","","","","","",""
"-116.50","57.12","BISON LO","3070703","2017-04-07","2017","04","07","","","","","","","","","","","","","","","","","","","","","","",""
"-116.50","57.12","BISON LO","3070703","2017-04-08","2017","04","08","","","","","","","","","","","","","","","","","","","","","","",""
"-116.50","57.12","BISON LO","3070703","2017-04-09","2017","04","09","","","","","","","","","","","","","","","","","","","","","","",""
"-116.50","57.12","BISON LO","3070703","2017-04-10","2017","04","10","","","","","","","","","","","","","","","","","","","","","","",""
"-116.50","57.12","BISON LO","3070703","2017-04-11","2017","04","11","","","","","","","","","","","","","","","","","","","","","","",""
"-116.50","57.12","BISON LO","3070703","2017-04-12","2017","04","12","","","","","","","","","","","","","","","","","","","","","","",""
"-116.50","57.12","BISON LO","3070703","2017-04-13","2017","04","13","","","","","","","","","","","","","","","","","","","","","","",""
"-116.50","57.12","BISON LO","3070703","2017-04-14","2017","04","14","","","","","","","","","","","","","","","","","","","","","","",""
"-116.50","57.12","BISON LO","3070703","2017-04-15","2017","04","15","","","","","","","","","","","","","","","","","","","","","","",""
"-116.50","57.12","BISON LO","3070703","2017-04-16","2017","04","16","","","","","","","","","","","","","","","","","","","","","","",""
"-116.50","57.12","BISON LO","3070703","2017-04-17","2017","04","17","","","","","","","","","","","","","","","","","","","","","","",""
"-116.50","57.12","BISON LO","3070703","2017-04-18","2017","04","18","","","","","","","","","","","","","","","","","","","","","","",""
"-116.50","57.12","BISON LO","3070703","2017-04-19","2017","04","19","","","","","","","","","","","","","","","","","","","","","","",""
"-116.50","57.12","BISON LO","3070703","2017-04-20","2017","04","20","","","","","","","","","","","","","","","","","","","","","","",""
"-116.50","57.12","BISON LO","3070703","2017-04-21","2017","04","21","","","","","","","","","","","","","","","","","","","","","","",""
"-116.50","57.12","BISON LO","3070703","2017-04-22","2017","04","22","","","","","","","","","","","","","","","","","","","","","","",""
"-116.50","57.12","BISON LO","3070703","2017-04-23","2017","04","23","","","","","","","","","","","","","","","","","","","","","","",""
"-116.50","57.12","BISON LO","3070703","2017-04-24","2017","04","24","","","","","","","","","","","","","","","","","","","","","","",""
"-116.50","57.12","BISON LO","3070703","2017-04-25","2017","04","25","","","","","","","","","","","","","","","","","","","","","","",""
"-116.50","57.12","BISON LO","3070703","2017-04-26","2017","04","26","","","","","","","","","","","","","","","","","","","","","","",""
"-116.50","57.12","BISON LO","3070703","2017-04-27","2017","04","27","","","","","","","","","","","","","","","","","","","","","","",""
"-116.50","57.12","BISON LO","3070703","2017-04-28","2017","04","28","","","","","","","","","","","","","","","","","","","","","","",""
"-116.50","57.12","BISON LO","3070703","2017-04-29","2017","04","29","","","","","","","","","","","","","","","","","","","","","","",""
"-116.50","57.12","BISON LO","3070703","2017-04-30","2017","04","30","","","","","","","","","","","","","","","","","","","","","","",""
"-116.50","57.12","BISON LO","3070703","2017-05-01","2017","05","01","","","","","","","","","","","","","","","","","","","","","","",""
"-116.50","57.12","BISON LO","3070703","2017-05-02","2017","05","02","","","","","","","","","","","","","","","","","","","","","","",""
"-116.50","57.12","BISON LO","3070703","2017-05-03","2017","05","03","","","","","","","","","","","","","","","","","","","","","","",""
"-116.50","57.12","BISON LO","3070703","2017-05-04","2017","05","04","","","","","","","","","","","","","","","","","","","","","","",""
"-116.50","57.12","BISON LO","3070703","2017-05-05","2017","05","05","","","","","","","","","","","","","","","","","","","","","","",""
"-116.50","57.12","BISON LO","3070703","2017-05-06","2017","05","06","","","","","","","","","","","","","","","","","","","","","","",""
"-116.50","57.12","BISON LO","3070703","2017-05-07","2017","05","07","","","","","","","","","","","","","","","","","","","","","","",""
"-116.50","57.12","BISON LO","3070703","2017-05-08","2017","05","08","","","","","","","","","","","","","","","","","","","","","","",""
"-116.50","57.12","BISON LO","3070703","2017-05-09","2017","05","09","","","","","","","","","","","","","","","","","","","","","","",""
"-116.50","57.12","BISON LO","3070703","2017-05-10","2017","05","10","","","","","","","","","","","","","","","","","","","","","","",""
"-116.50","57.12","BISON LO","3070703","2017-05-11","2017","05","11","","","","","","","","","","","","","","","","","","","","","","",""
"-116.50","57.12","BISON LO","3070703","2017-05-12","2017","05","12","","","","","","","","","","","","","","","","","","","","","","",""
"-116.50","57.12","BISON LO","3070703","2017-05-13","2017","05","13","","","","","","","","","","","","","","","","","","","","","","",""
"-116.50","57.12","BISON LO","3070703","2017-05-14","2017","05","14","","","","","","","","","","","","","","","","","","","","","","",""
"-116.50","57.12","BISON LO","3070703","2017-05-15","2017","05","15","","","","","","","","","","","","","","","","","","","","","","",""
"-116.50","57.12","BISON LO","3070703","2017-05-16","2017","05","16","","","","","","","","","","","","","","","","","","","","","","",""
"-116.50","57.12","BISON LO","3070703","2017-05-17","2017","05","17","","","","","","","","","","","","","","","","","","","","","","",""
"-116.50","57.12","BISON LO","3070703","2017-05-18","2017","05","18","","","","","","","","","","","","","","","","","","","","","","",""
"-116.50","57.12","BISON LO","3070703","2017-05-19","2017","05","19","","","","","","","","","","","","","","","","","","","","","","",""
"-116.50","57.12","BISON LO","3070703","2017-05-20","2017","05","20","","","","","","","","","","","","","","","","","","","","","","",""
"-116.50","57.12","BISON LO","3070703","2017-05-21","2017","05","21","","","","","","","","","","","","","","","","","","","","","","",""
"-116.50","57.12","BISON LO","3070703","2017-05-22","2017","05","22","","","","","","","","","","","","","","","","","","","","","","",""
"-116.50","57.12","BISON LO","3070703","2017-05-23","2017","05","23","","","","","","","","","","","","","","","","","","","","","","",""
"-116.50","57.12","BISON LO","3070703","2017-05-24","2017","05","24","","","","","","","","","","","","","","","","","","","","","","",""
"-116.50","57.12","BISON LO","3070703","2017-05-25","2017","05","25","","","","","","","","","","","","","","","","","","","","","","",""
"-116.50","57.12","BISON LO","3070703","2017-05-26","2017","05","26","","","","","","","","","","","","","","","","","","","","","","",""
"-116.50","57.12","BISON LO","3070703","2017-05-27","2017","05","27","","","","","","","","","","","","","","","","","","","","","","",""
"-116.50","57.12","BISON LO","3070703","2017-05-28","2017","05","28","","","","","","","","","","","","","","","","","","","","","","",""
"-116.50","57.12","BISON LO","3070703","2017-05-29","2017","05","29","","","","","","","","","","","","","","","","","","","","","","",""
"-116.50","57.12","BISON LO","3070703","2017-05-30","2017","05","30","","","","","","","","","","","","","","","","","","","","","","",""
"-116.50","57.12","BISON LO","3070703","2017-05-31","2017","05","31","","","","","","","","","","","","","","","","","","","","","","",""
"-116.50","57.12","BISON LO","3070703","2017-06-01","2017","06","01","","","","","","","","","","","","","","","","","","","","","","",""
"-116.50","57.12","BISON LO","3070703","2017-06-02","2017","06","02","","","","","","","","","","","","","","","","","","","","","","",""
"-116.50","57.12","BISON LO","3070703","2017-06-03","2017","06","03","","","","","","","","","","","","","","","","","","","","","","",""
"-116.50","57.12","BISON LO","3070703","2017-06-04","2017","06","04","","","","","","","","","","","","","","","","","","","","","","",""
"-116.50","57.12","BISON LO","3070703","2017-06-05","2017","06","05","","","","","","","","","","","","","","","","","","","","","","",""
"-116.50","57.12","BISON LO","3070703","2017-06-06","2017","06","06","","","","","","","","","","","","","","","","","","","","","","",""
"-116.50","57.12","BISON LO","3070703","2017-06-07","2017","06","07","","","","","","","","","","","","","","","","","","","","","","",""
"-116.50","57.12","BISON LO","3070703","2017-06-08","2017","06","08","","","","","","","","","","","","","","","","","","","","","","",""
"-116.50","57.12","BISON LO","3070703","2017-06-09","2017","06","09","","","","","","","","","","","","","","","","","","","","","","",""
"-116.50","57.12","BISON LO","3070703","2017-06-10","2017","06","10","","","","","","","","","","","","","","","","","","","","","","",""
"-116.50","57.12","BISON LO","3070703","2017-06-11","2017","06","11","","","","","","","","","","","","","","","","","","","","","","",""
"-116.50","57.12","BISON LO","3070703","2017-06-12","2017","06","12","","","","","","","","","","","","","","","","","","","","","","",""
"-116.50","57.12","BISON LO","3070703","2017-06-13","2017","06","13","","","","","","","","","","","","","","","","","","","","","","",""
"-116.50","57.12","BISON LO","3070703","2017-06-14","2017","06","14","","","","","","","","","","","","","","","","","","","","","","",""
"-116.50","57.12","BISON LO","3070703","2017-06-15","2017","06","15","","","","","","","","","","","","","","","","","","","","","","",""
"-116.50","57.12","BISON LO","3070703","2017-06-16","2017","06","16","","","","","","","","","","","","","","","","","","","","","","",""
"-116.50","57.12","BISON LO","3070703","2017-06-17","2017","06","17","","","","","","","","","","","","","","","","","","","","","","",""
"-116.50","57.12","BISON LO","3070703","2017-06-18","2017","06","18","","","","","","","","","","","","","","","","","","","","","","",""
"-116.50","57.12","BISON LO","3070703","2017-06-19","2017","06","19","","","","","","","","","","","","","","","","","","","","","","",""
"-116.50","57.12","BISON LO","3070703","2017-06-20","2017","06","20","","","","","","","","","","","","","","","","","","","","","","",""
"-116.50","57.12","BISON LO","3070703","2017-06-21","2017","06","21","","","","","","","","","","","","","","","","","","","","","","",""
"-116.50","57.12","BISON LO","3070703","2017-06-22","2017","06","22","","","","","","","","","","","","","","","","","","","","","","",""
"-116.50","57.12","BISON LO","3070703","2017-06-23","2017","06","23","","","","","","","","","","","","","","","","","","","","","","",""
"-116.50","57.12","BISON LO","3070703","2017-06-24","2017","06","24","","","","","","","","","","","","","","","","","","","","","","",""
"-116.50","57.12","BISON LO","3070703","2017-06-25","2017","06","25","","","","","","","","","","","","","","","","","","","","","","",""
"-116.50","57.12","BISON LO","3070703","2017-06-26","2017","06","26","","","","","","","","","","","","","","","","","","","","","","",""
"-116.50","57.12","BISON LO","3070703","2017-06-27","2017","06","27","","","","","","","","","","","","","","","","","","","","","","",""
"-116.50","57.12","BISON LO","3070703","2017-06-28","2017","06","28","","","","","","","","","","","","","","","","","","","","","","",""
"-116.50","57.12","BISON LO","3070703","2017-06-29","2017","06","29","","","","","","","","","","","","","","","","","","","","","","",""
"-116.50","57.12","BISON LO","3070703","2017-06-30","2017","06","30","","","","","","","","","","","","","","","","","","","","","","",""
"-116.50","57.12","BISON LO","3070703","2017-07-01","2017","07","01","","","","","","","","","","","","","","","","","","","","","","",""
"-116.50","57.12","BISON LO","3070703","2017-07-02","2017","07","02","","","","","","","","","","","","","","","","","","","","","","",""
"-116.50","57.12","BISON LO","3070703","2017-07-03","2017","07","03","","","","","","","","","","","","","","","","","","","","","","",""
"-116.50","57.12","BISON LO","3070703","2017-07-04","2017","07","04","","","","","","","","","","","","","","","","","","","","","","",""
"-116.50","57.12","BISON LO","3070703","2017-07-05","2017","07","05","","","","","","","","","","","","","","","","","","","","","","",""
"-116.50","57.12","BISON LO","3070703","2017-07-06","2017","07","06","","","","","","","","","","","","","","","","","","","","","","",""
"-116.50","57.12","BISON LO","3070703","2017-07-07","2017","07","07","","","","","","","","","","","","","","","","","","","","","","",""
"-116.50","57.12","BISON LO","3070703","2017-07-08","2017","07","08","","","","","","","","","","","","","","","","","","","","","","",""
"-116.50","57.12","BISON LO","3070703","2017-07-09","2017","07","09","","","","","","","","","","","","","","","","","","","","","","",""
"-116.50","57.12","BISON LO","3070703","2017-07-10","2017","07","10","","","","","","","","","","","","","","","","","","","","","","",""
"-116.50","57.12","BISON LO","3070703","2017-07-11","2017","07","11","","","","","","","","","","","","","","","","","","","","","","",""
"-116.50","57.12","BISON LO","3070703","2017-07-12","2017","07","12","","","","","","","","","","","","","","","","","","","","","","",""
"-116.50","57.12","BISON LO","3070703","2017-07-13","2017","07","13","","","","","","","","","","","","","","","","","","","","","","",""
"-116.50","57.12","BISON LO","3070703","2017-07-14","2017","07","14","","","","","","","","","","","","","","","","","","","","","","",""
"-116.50","57.12","BISON LO","3070703","2017-07-15","2017","07","15","","","","","","","","","","","","","","","","","","","","","","",""
"-116.50","57.12","BISON LO","3070703","2017-07-16","2017","07","16","","","","","","","","","","","","","","","","","","","","","","",""
"-116.50","57.12","BISON LO","3070703","2017-07-17","2017","07","17","","","","","","","","","","","","","","","","","","","","","","",""
"-116.50","57.12","BISON LO","3070703","2017-07-18","2017","07","18","","","","","","","","","","","","","","","","","","","","","","",""
"-116.50","57.12","BISON LO","3070703","2017-07-19","2017","07","19","","","","","","","","","","","","","","","","","","","","","","",""
"-116.50","57.12","BISON LO","3070703","2017-07-20","2017","07","20","","","","","","","","","","","","","","","","","","","","","","",""
"-116.50","57.12","BISON LO","3070703","2017-07-21","2017","07","21","","","","","","","","","","","","","","","","","","","","","","",""
"-116.50","57.12","BISON LO","3070703","2017-07-22","2017","07","22","","","","","","","","","","","","","","","","","","","","","","",""
"-116.50","57.12","BISON LO","3070703","2017-07-23","2017","07","23","","","","","","","","","","","","","","","","","","","","","","",""
"-116.50","57.12","BISON LO","3070703","2017-07-24","2017","07","24","","","","","","","","","","","","","","","","","","","","","","",""
"-116.50","57.12","BISON LO","3070703","2017-07-25","2017","07","25","","","","","","","","","","","","","","","","","","","","","","",""
"-116.50","57.12","BISON LO","3070703","2017-07-26","2017","07","26","","","","","","","","","","","","","","","","","","","","","","",""
"-116.50","57.12","BISON LO","3070703","2017-07-27","2017","07","27","","","","","","","","","","","","","","","","","","","","","","",""
"-116.50","57.12","BISON LO","3070703","2017-07-28","2017","07","28","","","","","","","","","","","","","","","","","","","","","","",""
"-116.50","57.12","BISON LO","3070703","2017-07-29","2017","07","29","","","","","","","","","","","","","","","","","","","","","","",""
"-116.50","57.12","BISON LO","3070703","2017-07-30","2017","07","30","","","","","","","","","","","","","","","","","","","","","","",""
"-116.50","57.12","BISON LO","3070703","2017-07-31","2017","07","31","","","","","","","","","","","","","","","","","","","","","","",""
"-116.50","57.12","BISON LO","3070703","2017-08-01","2017","08","01","","","","","","","","","","","","","","","","","","","","","","",""
"-116.50","57.12","BISON LO","3070703","2017-08-02","2017","08","02","","","","","","","","","","","","","","","","","","","","","","",""
"-116.50","57.12","BISON LO","3070703","2017-08-03","2017","08","03","","","","","","","","","","","","","","","","","","","","","","",""
"-116.50","57.12","BISON LO","3070703","2017-08-04","2017","08","04","","","","","","","","","","","","","","","","","","","","","","",""
"-116.50","57.12","BISON LO","3070703","2017-08-05","2017","08","05","","","","","","","","","","","","","","","","","","","","","","",""
"-116.50","57.12","BISON LO","3070703","2017-08-06","2017","08","06","","","","","","","","","","","","","","","","","","","","","","",""
"-116.50","57.12","BISON LO","3070703","2017-08-07","2017","08","07","","","","","","","","","","","","","","","","","","","","","","",""
"-116.50","57.12","BISON LO","3070703","2017-08-08","2017","08","08","","","","","","","","","","","","","","","","","","","","","","",""
"-116.50","57.12","BISON LO","3070703","2017-08-09","2017","08","09","","","","","","","","","","","","","","","","","","","","","","",""
"-116.50","57.12","BISON LO","3070703","2017-08-10","2017","08","10","","","","","","","","","","","","","","","","","","","","","","",""
"-116.50","57.12","BISON LO","3070703","2017-08-11","2017","08","11","","","","","","","","","","","","","","","","","","","","","","",""
"-116.50","57.12","BISON LO","3070703","2017-08-12","2017","08","12","","","","","","","","","","","","","","","","","","","","","","",""
"-116.50","57.12","BISON LO","3070703","2017-08-13","2017","08","13","","","","","","","","","","","","","","","","","","","","","","",""
"-116.50","57.12","BISON LO","3070703","2017-08-14","2017","08","14","","","","","","","","","","","","","","","","","","","","","","",""
"-116.50","57.12","BISON LO","3070703","2017-08-15","2017","08","15","","","","","","","","","","","","","","","","","","","","","","",""
"-116.50","57.12","BISON LO","3070703","2017-08-16","2017","08","16","","","","","","","","","","","","","","","","","","","","","","",""
"-116.50","57.12","BISON LO","3070703","2017-08-17","2017","08","17","","","","","","","","","","","","","","","","","","","","","","",""
"-116.50","57.12","BISON LO","3070703","2017-08-18","2017","08","18","","","","","","","","","","","","","","","","","","","","","","",""
"-116.50","57.12","BISON LO","3070703","2017-08-19","2017","08","19","","","","","","","","","","","","","","","","","","","","","","",""
"-116.50","57.12","BISON LO","3070703","2017-08-20","2017","08","20","","","","","","","","","","","","","","","","","","","","","","",""
"-116.50","57.12","BISON LO","3070703","2017-08-21","2017","08","21","","","","","","","","","","","","","","","","","","","","","","",""
"-116.50","57.12","BISON LO","3070703","2017-08-22","2017","08","22","","","","","","","","","","","","","","","","","","","","","","",""
"-116.50","57.12","BISON LO","3070703","2017-08-23","2017","08","23","","","","","","","","","","","","","","","","","","","","","","",""
"-116.50","57.12","BISON LO","3070703","2017-08-24","2017","08","24","","","","","","","","","","","","","","","","","","","","","","",""
"-116.50","57.12","BISON LO","3070703","2017-08-25","2017","08","25","","","","","","","","","","","","","","","","","","","","","","",""
"-116.50","57.12","BISON LO","3070703","2017-08-26","2017","08","26","","","","","","","","","","","","","","","","","","","","","","",""
"-116.50","57.12","BISON LO","3070703","2017-08-27","2017","08","27","","","","","","","","","","","","","","","","","","","","","","",""
"-116.50","57.12","BISON LO","3070703","2017-08-28","2017","08","28","","","","","","","","","","","","","","","","","","","","","","",""
"-116.50","57.12","BISON LO","3070703","2017-08-29","2017","08","29","","","","","","","","","","","","","","","","","","","","","","",""
"-116.50","57.12","BISON LO","3070703","2017-08-30","2017","08","30","","","","","","","","","","","","","","","","","","","","","","",""
"-116.50","57.12","BISON LO","3070703","2017-08-31","2017","08","31","","","","","","","","","","","","","","","","","","","","","","",""
"-116.50","57.12","BISON LO","3070703","2017-09-01","2017","09","01","","","","","","","","","","","","","","","","","","","","","","",""
"-116.50","57.12","BISON LO","3070703","2017-09-02","2017","09","02","","","","","","","","","","","","","","","","","","","","","","",""
"-116.50","57.12","BISON LO","3070703","2017-09-03","2017","09","03","","","","","","","","","","","","","","","","","","","","","","",""
"-116.50","57.12","BISON LO","3070703","2017-09-04","2017","09","04","","","","","","","","","","","","","","","","","","","","","","",""
"-116.50","57.12","BISON LO","3070703","2017-09-05","2017","09","05","","","","","","","","","","","","","","","","","","","","","","",""
"-116.50","57.12","BISON LO","3070703","2017-09-06","2017","09","06","","","","","","","","","","","","","","","","","","","","","","",""
"-116.50","57.12","BISON LO","3070703","2017-09-07","2017","09","07","","","","","","","","","","","","","","","","","","","","","","",""
"-116.50","57.12","BISON LO","3070703","2017-09-08","2017","09","08","","","","","","","","","","","","","","","","","","","","","","",""
"-116.50","57.12","BISON LO","3070703","2017-09-09","2017","09","09","","","","","","","","","","","","","","","","","","","","","","",""
"-116.50","57.12","BISON LO","3070703","2017-09-10","2017","09","10","","","","","","","","","","","","","","","","","","","","","","",""
"-116.50","57.12","BISON LO","3070703","2017-09-11","2017","09","11","","","","","","","","","","","","","","","","","","","","","","",""
"-116.50","57.12","BISON LO","3070703","2017-09-12","2017","09","12","","","","","","","","","","","","","","","","","","","","","","",""
"-116.50","57.12","BISON LO","3070703","2017-09-13","2017","09","13","","","","","","","","","","","","","","","","","","","","","","",""
"-116.50","57.12","BISON LO","3070703","2017-09-14","2017","09","14","","","","","","","","","","","","","","","","","","","","","","",""
"-116.50","57.12","BISON LO","3070703","2017-09-15","2017","09","15","","","","","","","","","","","","","","","","","","","","","","",""
"-116.50","57.12","BISON LO","3070703","2017-09-16","2017","09","16","","","","","","","","","","","","","","","","","","","","","","",""
"-116.50","57.12","BISON LO","3070703","2017-09-17","2017","09","17","","","","","","","","","","","","","","","","","","","","","","",""
"-116.50","57.12","BISON LO","3070703","2017-09-18","2017","09","18","","","","","","","","","","","","","","","","","","","","","","",""
"-116.50","57.12","BISON LO","3070703","2017-09-19","2017","09","19","","","","","","","","","","","","","","","","","","","","","","",""
"-116.50","57.12","BISON LO","3070703","2017-09-20","2017","09","20","","","","","","","","","","","","","","","","","","","","","","",""
"-116.50","57.12","BISON LO","3070703","2017-09-21","2017","09","21","","","","","","","","","","","","","","","","","","","","","","",""
"-116.50","57.12","BISON LO","3070703","2017-09-22","2017","09","22","","","","","","","","","","","","","","","","","","","","","","",""
"-116.50","57.12","BISON LO","3070703","2017-09-23","2017","09","23","","","","","","","","","","","","","","","","","","","","","","",""
"-116.50","57.12","BISON LO","3070703","2017-09-24","2017","09","24","","","","","","","","","","","","","","","","","","","","","","",""
"-116.50","57.12","BISON LO","3070703","2017-09-25","2017","09","25","","","","","","","","","","","","","","","","","","","","","","",""
"-116.50","57.12","BISON LO","3070703","2017-09-26","2017","09","26","","","","","","","","","","","","","","","","","","","","","","",""
"-116.50","57.12","BISON LO","3070703","2017-09-27","2017","09","27","","","","","","","","","","","","","","","","","","","","","","",""
"-116.50","57.12","BISON LO","3070703","2017-09-28","2017","09","28","","","","","","","","","","","","","","","","","","","","","","",""
"-116.50","57.12","BISON LO","3070703","2017-09-29","2017","09","29","","","","","","","","","","","","","","","","","","","","","","",""
"-116.50","57.12","BISON LO","3070703","2017-09-30","2017","09","30","","","","","","","","","","","","","","","","","","","","","","",""
"-116.50","57.12","BISON LO","3070703","2017-10-01","2017","10","01","","","","","","","","","","","","","","","","","","","","","","",""
"-116.50","57.12","BISON LO","3070703","2017-10-02","2017","10","02","","","","","","","","","","","","","","","","","","","","","","",""
"-116.50","57.12","BISON LO","3070703","2017-10-03","2017","10","03","","","","","","","","","","","","","","","","","","","","","","",""
"-116.50","57.12","BISON LO","3070703","2017-10-04","2017","10","04","","","","","","","","","","","","","","","","","","","","","","",""
"-116.50","57.12","BISON LO","3070703","2017-10-05","2017","10","05","","","","","","","","","","","","","","","","","","","","","","",""
"-116.50","57.12","BISON LO","3070703","2017-10-06","2017","10","06","","","","","","","","","","","","","","","","","","","","","","",""
"-116.50","57.12","BISON LO","3070703","2017-10-07","2017","10","07","","","","","","","","","","","","","","","","","","","","","","",""
"-116.50","57.12","BISON LO","3070703","2017-10-08","2017","10","08","","","","","","","","","","","","","","","","","","","","","","",""
"-116.50","57.12","BISON LO","3070703","2017-10-09","2017","10","09","","","","","","","","","","","","","","","","","","","","","","",""
"-116.50","57.12","BISON LO","3070703","2017-10-10","2017","10","10","","","","","","","","","","","","","","","","","","","","","","",""
"-116.50","57.12","BISON LO","3070703","2017-10-11","2017","10","11","","","","","","","","","","","","","","","","","","","","","","",""
"-116.50","57.12","BISON LO","3070703","2017-10-12","2017","10","12","","","","","","","","","","","","","","","","","","","","","","",""
"-116.50","57.12","BISON LO","3070703","2017-10-13","2017","10","13","","","","","","","","","","","","","","","","","","","","","","",""
"-116.50","57.12","BISON LO","3070703","2017-10-14","2017","10","14","","","","","","","","","","","","","","","","","","","","","","",""
"-116.50","57.12","BISON LO","3070703","2017-10-15","2017","10","15","","","","","","","","","","","","","","","","","","","","","","",""
"-116.50","57.12","BISON LO","3070703","2017-10-16","2017","10","16","","","","","","","","","","","","","","","","","","","","","","",""
"-116.50","57.12","BISON LO","3070703","2017-10-17","2017","10","17","","","","","","","","","","","","","","","","","","","","","","",""
"-116.50","57.12","BISON LO","3070703","2017-10-18","2017","10","18","","","","","","","","","","","","","","","","","","","","","","",""
"-116.50","57.12","BISON LO","3070703","2017-10-19","2017","10","19","","","","","","","","","","","","","","","","","","","","","","",""
"-116.50","57.12","BISON LO","3070703","2017-10-20","2017","10","20","","","","","","","","","","","","","","","","","","","","","","",""
"-116.50","57.12","BISON LO","3070703","2017-10-21","2017","10","21","","","","","","","","","","","","","","","","","","","","","","",""
"-116.50","57.12","BISON LO","3070703","2017-10-22","2017","10","22","","","","","","","","","","","","","","","","","","","","","","",""
"-116.50","57.12","BISON LO","3070703","2017-10-23","2017","10","23","","","","","","","","","","","","","","","","","","","","","","",""
"-116.50","57.12","BISON LO","3070703","2017-10-24","2017","10","24","","","","","","","","","","","","","","","","","","","","","","",""
"-116.50","57.12","BISON LO","3070703","2017-10-25","2017","10","25","","","","","","","","","","","","","","","","","","","","","","",""
"-116.50","57.12","BISON LO","3070703","2017-10-26","2017","10","26","","","","","","","","","","","","","","","","","","","","","","",""
"-116.50","57.12","BISON LO","3070703","2017-10-27","2017","10","27","","","","","","","","","","","","","","","","","","","","","","",""
"-116.50","57.12","BISON LO","3070703","2017-10-28","2017","10","28","","","","","","","","","","","","","","","","","","","","","","",""
"-116.50","57.12","BISON LO","3070703","2017-10-29","2017","10","29","","","","","","","","","","","","","","","","","","","","","","",""
"-116.50","57.12","BISON LO","3070703","2017-10-30","2017","10","30","","","","","","","","","","","","","","","","","","","","","","",""
"-116.50","57.12","BISON LO","3070703","2017-10-31","2017","10","31","","","","","","","","","","","","","","","","","","","","","","",""
"-116.50","57.12","BISON LO","3070703","2017-11-01","2017","11","01","","","","","","","","","","","","","","","","","","","","","","",""
"-116.50","57.12","BISON LO","3070703","2017-11-02","2017","11","02","","","","","","","","","","","","","","","","","","","","","","",""
"-116.50","57.12","BISON LO","3070703","2017-11-03","2017","11","03","","","","","","","","","","","","","","","","","","","","","","",""
"-116.50","57.12","BISON LO","3070703","2017-11-04","2017","11","04","","","","","","","","","","","","","","","","","","","","","","",""
"-116.50","57.12","BISON LO","3070703","2017-11-05","2017","11","05","","","","","","","","","","","","","","","","","","","","","","",""
"-116.50","57.12","BISON LO","3070703","2017-11-06","2017","11","06","","","","","","","","","","","","","","","","","","","","","","",""
"-116.50","57.12","BISON LO","3070703","2017-11-07","2017","11","07","","","","","","","","","","","","","","","","","","","","","","",""
"-116.50","57.12","BISON LO","3070703","2017-11-08","2017","11","08","","","","","","","","","","","","","","","","","","","","","","",""
"-116.50","57.12","BISON LO","3070703","2017-11-09","2017","11","09","","","","","","","","","","","","","","","","","","","","","","",""
"-116.50","57.12","BISON LO","3070703","2017-11-10","2017","11","10","","","","","","","","","","","","","","","","","","","","","","",""
"-116.50","57.12","BISON LO","3070703","2017-11-11","2017","11","11","","","","","","","","","","","","","","","","","","","","","","",""
"-116.50","57.12","BISON LO","3070703","2017-11-12","2017","11","12","","","","","","","","","","","","","","","","","","","","","","",""
"-116.50","57.12","BISON LO","3070703","2017-11-13","2017","11","13","","","","","","","","","","","","","","","","","","","","","","",""
"-116.50","57.12","BISON LO","3070703","2017-11-14","2017","11","14","","","","","","","","","","","","","","","","","","","","","","",""
"-116.50","57.12","BISON LO","3070703","2017-11-15","2017","11","15","","","","","","","","","","","","","","","","","","","","","","",""
"-116.50","57.12","BISON LO","3070703","2017-11-16","2017","11","16","","","","","","","","","","","","","","","","","","","","","","",""
"-116.50","57.12","BISON LO","3070703","2017-11-17","2017","11","17","","","","","","","","","","","","","","","","","","","","","","",""
"-116.50","57.12","BISON LO","3070703","2017-11-18","2017","11","18","","","","","","","","","","","","","","","","","","","","","","",""
"-116.50","57.12","BISON LO","3070703","2017-11-19","2017","11","19","","","","","","","","","","","","","","","","","","","","","","",""
"-116.50","57.12","BISON LO","3070703","2017-11-20","2017","11","20","","","","","","","","","","","","","","","","","","","","","","",""
"-116.50","57.12","BISON LO","3070703","2017-11-21","2017","11","21","","","","","","","","","","","","","","","","","","","","","","",""
"-116.50","57.12","BISON LO","3070703","2017-11-22","2017","11","22","","","","","","","","","","","","","","","","","","","","","","",""
"-116.50","57.12","BISON LO","3070703","2017-11-23","2017","11","23","","","","","","","","","","","","","","","","","","","","","","",""
"-116.50","57.12","BISON LO","3070703","2017-11-24","2017","11","24","","","","","","","","","","","","","","","","","","","","","","",""
"-116.50","57.12","BISON LO","3070703","2017-11-25","2017","11","25","","","","","","","","","","","","","","","","","","","","","","",""
"-116.50","57.12","BISON LO","3070703","2017-11-26","2017","11","26","","","","","","","","","","","","","","","","","","","","","","",""
"-116.50","57.12","BISON LO","3070703","2017-11-27","2017","11","27","","","","","","","","","","","","","","","","","","","","","","",""
"-116.50","57.12","BISON LO","3070703","2017-11-28","2017","11","28","","","","","","","","","","","","","","","","","","","","","","",""
"-116.50","57.12","BISON LO","3070703","2017-11-29","2017","11","29","","","","","","","","","","","","","","","","","","","","","","",""
"-116.50","57.12","BISON LO","3070703","2017-11-30","2017","11","30","","","","","","","","","","","","","","","","","","","","","","",""
"-116.50","57.12","BISON LO","3070703","2017-12-01","2017","12","01","","","","","","","","","","","","","","","","","","","","","","",""
"-116.50","57.12","BISON LO","3070703","2017-12-02","2017","12","02","","","","","","","","","","","","","","","","","","","","","","",""
"-116.50","57.12","BISON LO","3070703","2017-12-03","2017","12","03","","","","","","","","","","","","","","","","","","","","","","",""
"-116.50","57.12","BISON LO","3070703","2017-12-04","2017","12","04","","","","","","","","","","","","","","","","","","","","","","",""
"-116.50","57.12","BISON LO","3070703","2017-12-05","2017","12","05","","","","","","","","","","","","","","","","","","","","","","",""
"-116.50","57.12","BISON LO","3070703","2017-12-06","2017","12","06","","","","","","","","","","","","","","","","","","","","","","",""
"-116.50","57.12","BISON LO","3070703","2017-12-07","2017","12","07","","","","","","","","","","","","","","","","","","","","","","",""
"-116.50","57.12","BISON LO","3070703","2017-12-08","2017","12","08","","","","","","","","","","","","","","","","","","","","","","",""
"-116.50","57.12","BISON LO","3070703","2017-12-09","2017","12","09","","","","","","","","","","","","","","","","","","","","","","",""
"-116.50","57.12","BISON LO","3070703","2017-12-10","2017","12","10","","","","","","","","","","","","","","","","","","","","","","",""
"-116.50","57.12","BISON LO","3070703","2017-12-11","2017","12","11","","","","","","","","","","","","","","","","","","","","","","",""
"-116.50","57.12","BISON LO","3070703","2017-12-12","2017","12","12","","","","","","","","","","","","","","","","","","","","","","",""
"-116.50","57.12","BISON LO","3070703","2017-12-13","2017","12","13","","","","","","","","","","","","","","","","","","","","","","",""
"-116.50","57.12","BISON LO","3070703","2017-12-14","2017","12","14","","","","","","","","","","","","","","","","","","","","","","",""
"-116.50","57.12","BISON LO","3070703","2017-12-15","2017","12","15","","","","","","","","","","","","","","","","","","","","","","",""
"-116.50","57.12","BISON LO","3070703","2017-12-16","2017","12","16","","","","","","","","","","","","","","","","","","","","","","",""
"-116.50","57.12","BISON LO","3070703","2017-12-17","2017","12","17","","","","","","","","","","","","","","","","","","","","","","",""
"-116.50","57.12","BISON LO","3070703","2017-12-18","2017","12","18","","","","","","","","","","","","","","","","","","","","","","",""
"-116.50","57.12","BISON LO","3070703","2017-12-19","2017","12","19","","","","","","","","","","","","","","","","","","","","","","",""
"-116.50","57.12","BISON LO","3070703","2017-12-20","2017","12","20","","","","","","","","","","","","","","","","","","","","","","",""
"-116.50","57.12","BISON LO","3070703","2017-12-21","2017","12","21","","","","","","","","","","","","","","","","","","","","","","",""
"-116.50","57.12","BISON LO","3070703","2017-12-22","2017","12","22","","","","","","","","","","","","","","","","","","","","","","",""
"-116.50","57.12","BISON LO","3070703","2017-12-23","2017","12","23","","","","","","","","","","","","","","","","","","","","","","",""
"-116.50","57.12","BISON LO","3070703","2017-12-24","2017","12","24","","","","","","","","","","","","","","","","","","","","","","",""
"-116.50","57.12","BISON LO","3070703","2017-12-25","2017","12","25","","","","","","","","","","","","","","","","","","","","","","",""
"-116.50","57.12","BISON LO","3070703","2017-12-26","2017","12","26","","","","","","","","","","","","","","","","","","","","","","",""
"-116.50","57.12","BISON LO","3070703","2017-12-27","2017","12","27","","","","","","","","","","","","","","","","","","","","","","",""
"-116.50","57.12","BISON LO","3070703","2017-12-28","2017","12","28","","","","","","","","","","","","","","","","","","","","","","",""
"-116.50","57.12","BISON LO","3070703","2017-12-29","2017","12","29","","","","","","","","","","","","","","","","","","","","","","",""
"-116.50","57.12","BISON LO","3070703","2017-12-30","2017","12","30","","","","","","","","","","","","","","","","","","","","","","",""
"-116.50","57.12","BISON LO","3070703","2017-12-31","2017","12","31","","","","","","","","","","","","","","","","","","","","","","",""
